--- Eigenvalues Comparison ---
My Result:    [ 1.632240517,  5.255504567,  7.89669364 , 10.215561277]
NumPy Result: [ 1.632240517,  5.255504567,  7.89669364 , 10.215561277]
Absolute L2 error: 4.965068e-15
Relative L2 error: 3.537465e-16

--- Eigenvectors Comparison ---
My Result (first 5 rows/cols):
[[ 0.5601   0.03383 -0.47226  0.67979]
 [ 0.37833 -0.63601  0.65029  0.17169]
 [ 0.49481  0.72801  0.45745 -0.12612]
 [-0.54618  0.25367  0.38057  0.70178]]

NumPy Result (first 5 rows/cols):
[[ 0.5601   0.03383 -0.47226  0.67979]
 [ 0.37833 -0.63601  0.65029  0.17169]
 [ 0.49481  0.72801  0.45745 -0.12612]
 [-0.54618  0.25367  0.38057  0.70178]]

Absolute Matrix Norm Diff: 1.158629e-15
Relative Matrix Norm Diff: 5.793145e-16
